#! FIELDS time d1 d2 diff
 0.000000 0.223665 0.223665 -0.000000
 1.000000 0.223665 0.223665 -0.000000
 2.000000 0.223665 0.223665 -0.000000
 3.000000 0.223665 0.223665 -0.000000
 4.000000 0.221211 0.226328 -0.005117
 5.000000 0.223665 0.223665 -0.000000
 6.000000 0.221211 0.226328 -0.005117
 7.000000 0.223665 0.223665 -0.000000
 8.000000 0.221211 0.226328 -0.005117
 9.000000 0.220814 0.226877 -0.006063
 10.000000 0.223665 0.223665 -0.000000
 11.000000 0.223665 0.223665 -0.000000
 12.000000 0.220814 0.226877 -0.006063
 13.000000 0.223665 0.223665 -0.000000
 14.000000 0.223665 0.223665 -0.000000
 15.000000 0.221211 0.226328 -0.005117
 16.000000 0.223665 0.223665 -0.000000
 17.000000 0.227123 0.218241 0.008883
 18.000000 0.220814 0.226877 -0.006063
 19.000000 0.223665 0.223665 -0.000000
 20.000000 0.223665 0.223665 -0.000000
 21.000000 0.227123 0.218241 0.008883
 22.000000 0.220814 0.226877 -0.006063
 23.000000 0.223665 0.223665 -0.000000
 24.000000 0.227123 0.218241 0.008883
 25.000000 0.221211 0.226328 -0.005117
 26.000000 0.220814 0.226877 -0.006063
 27.000000 0.227123 0.218241 0.008883
 28.000000 0.220814 0.226877 -0.006063
